0.000000     218                                                                                                                                                                              
9.959357       3
9.967442       3
9.705726       2
9.691828       2
            ... 
0.009123       1
0.009108       1
0.009044       1
0.009029       1
14.568280      1
Length: 29463, dtype: int64
0    12205
3    11667
2     3247
1     2463
4      160
5       27
dtype: int64
[  0.40651372   2.01441332   1.52802587   0.42525928  31.009375
 183.75925926]
[0 1 2 3 4 5]
Max speed: 14.568280220031738

